# back -162.56,  0.00, -73.66, 73.66, -119.42, 39.81
-162.56,  0.00, -73.66, 73.66, -39.81, 39.81
-162.56,  0.00, -73.66, 73.66, 39.81, 39.81
-162.56,  0.00, -73.66, 73.66, 119.42, 39.81
-162.56,  0.00, 73.66, 73.66, -119.42, 39.81
-162.56,  0.00, 73.66, 73.66, -39.81, 39.81
-162.56,  0.00, 73.66, 73.66, 39.81, 39.81
-162.56,  0.00, 73.66, 73.66, 119.42, 39.81
# front 162.56,  0.00, -73.66, 73.66, -119.42, 39.81
162.56,  0.00, -73.66, 73.66, -39.81, 39.81
162.56,  0.00, -73.66, 73.66, 39.81, 39.81
162.56,  0.00, -73.66, 73.66, 119.42, 39.81
162.56,  0.00, 73.66, 73.66, -119.42, 39.81
162.56,  0.00, 73.66, 73.66, -39.81, 39.81
162.56,  0.00, 73.66, 73.66, 39.81, 39.81
162.56,  0.00, 73.66, 73.66, 119.42, 39.81
# right -108.37, 54.19, -147.32,  0.00, -119.42, 39.81
-108.37, 54.19, -147.32,  0.00, -39.81, 39.81
-108.37, 54.19, -147.32,  0.00, 39.81, 39.81
-108.37, 54.19, -147.32,  0.00, 119.42, 39.81
 0.00, 54.19, -147.32,  0.00, -119.42, 39.81
 0.00, 54.19, -147.32,  0.00, -39.81, 39.81
 0.00, 54.19, -147.32,  0.00, 39.81, 39.81
 0.00, 54.19, -147.32,  0.00, 119.42, 39.81
108.37, 54.19, -147.32,  0.00, -119.42, 39.81
108.37, 54.19, -147.32,  0.00, -39.81, 39.81
108.37, 54.19, -147.32,  0.00, 39.81, 39.81
108.37, 54.19, -147.32,  0.00, 119.42, 39.81
# left -108.37, 54.19, 147.32,  0.00, -119.42, 39.81
-108.37, 54.19, 147.32,  0.00, -39.81, 39.81
-108.37, 54.19, 147.32,  0.00, 39.81, 39.81
-108.37, 54.19, 147.32,  0.00, 119.42, 39.81
 0.00, 54.19, 147.32,  0.00, -119.42, 39.81
 0.00, 54.19, 147.32,  0.00, -39.81, 39.81
 0.00, 54.19, 147.32,  0.00, 39.81, 39.81
 0.00, 54.19, 147.32,  0.00, 119.42, 39.81
108.37, 54.19, 147.32,  0.00, -119.42, 39.81
108.37, 54.19, 147.32,  0.00, -39.81, 39.81
108.37, 54.19, 147.32,  0.00, 39.81, 39.81
108.37, 54.19, 147.32,  0.00, 119.42, 39.81
# bottom -108.37, 54.19, -73.66, 73.66, -159.23,  0.00
-108.37, 54.19, 73.66, 73.66, -159.23,  0.00
 0.00, 54.19, -73.66, 73.66, -159.23,  0.00
 0.00, 54.19, 73.66, 73.66, -159.23,  0.00
108.37, 54.19, -73.66, 73.66, -159.23,  0.00
108.37, 54.19, 73.66, 73.66, -159.23,  0.00
# top -108.37, 54.19, -73.66, 73.66, 159.23,  0.00
-108.37, 54.19, 73.66, 73.66, 159.23,  0.00
 0.00, 54.19, -73.66, 73.66, 159.23,  0.00
 0.00, 54.19, 73.66, 73.66, 159.23,  0.00
108.37, 54.19, -73.66, 73.66, 159.23,  0.00
108.37, 54.19, 73.66, 73.66, 159.23,  0.00
