0, 106,  68,  81, 106,  11,  81, 106,  11,  55, 106,  68,  33, 106,  11,  33, 106,  68,  11, 106,  11,  11
1, 106, 127,  81, 106,  70,  81, 106,  70,  55, 106, 127,  33, 106,  70,  33, 106, 127,  11, 106,  70,  11
2, 124,  68,  81, 124,  11,  81, 124,  11,  55, 124,  68,  33, 124,  11,  33, 124,  68,  11, 124,  11,  11
3, 124, 127,  81, 124,  70,  81, 124,  70,  55, 124, 127,  33, 124,  70,  33, 124, 127,  11, 124,  70,  11
4, 142,  68,  81, 142,  11,  81, 142,  11,  55, 142,  68,  33, 142,  11,  33, 142,  68,  11, 142,  11,  11
5, 142, 127,  81, 142,  70,  81, 142,  70,  55, 142, 127,  33, 142,  70,  33, 142, 127,  11, 142,  70,  11
6, 160,  68,  81, 160,  11,  81, 160,  11,  55, 160,  68,  33, 160,  11,  33, 160,  68,  11, 160,  11,  11
7, 160, 127,  81, 160,  70,  81, 160,  70,  55, 160, 127,  33, 160,  70,  33, 160, 127,  11, 160,  70,  11
8, 178,  68,  81, 178,  11,  81, 178,  11,  55, 178,  68,  33, 178,  11,  33, 178,  68,  11, 178,  11,  11
9, 178, 127,  81, 178,  70,  81, 178,  70,  55, 178, 127,  33, 178,  70,  33, 178, 127,  11, 178,  70,  11
10, 52,  68,  81,  52,  11,  81,  52,  11,  55,  52,  68,  33,  52,  11,  33,  52,  68,  11,  52,  11,  11
11, 70,  68,  81,  70,  11,  81,  70,  11,  55,  70,  68,  33,  70,  11,  33,  70,  68,  11,  70,  11,  11
12, 72, 127,  81,  72,  70,  81,  72,  70,  55,  72, 127,  33,  72,  70,  33,  72, 127,  11,  72,  70,  11
13, 88,  68,  81,  88,  11,  81,  88,  11,  55,  88,  68,  33,  88,  11,  33,  88,  68,  11,  88,  11,  11
14, 88, 127,  81,  88,  70,  81,  88,  70,  55,  88, 127,  33,  88,  70,  33,  88, 127,  11,  88,  70,  11
